12176
10001166
10005217
2939
1986
6333
10005736
10157
2333
4744
15415
6773
14569
1556
8790
9965
6864
3734
5681
10002828
14782
10001228
10073
3013
7583
15840
5043
10005309
10005642
10004744
14907
7063
14882
16668
4623
4278
17936
11531
10033
15021
16859
540
3104
92
6749
12243
8999
8664
847
15072
1695
14527
10000463
1942
16214
10004576
10003418
15892
14979
13520
11866
2498
14187
10002350
5494
12656
10002039
237
16923
7359
296
14787
10005313
1053
8187
8899
16704
14104
10554
10003180
15042
10003627
10003363
820
15079
10002786
994
10002513
7209
9294
14840
10003807
10003750
4242
15769
13965
3751
10001247
4587
14872
15008
16770
12910
12347
7032
5506
15968
925
10002709
17559
1429
15063
1713
8361
10005224
1012
15633
14608
10002960
642
10975
11768
5137
6715
15030
12399
16007
10049
268
2553
13896
10005998
10002537
7043
11148
3486
4550
10000591
10002229
14870
2774
10003172
10943
8596
10002762
17222
10004480
14854
3229
10006
16641
14568
14796
1269
3726
6378
10002394
10005890
10003496
10003774
9921
10004944
4615
10003723
16561
15566
14624
10005941
16189
16020
13547
4
10003146
15906
8338
11845
2881
10003017
10003379
10803
531
14808
2361
8352
10006013
11887
15712
10004249
13729
3046
4014
708
10001275
10005462
10000523
7690
317
10005286
89
13970
2475
10001644
5663
10005173
2927
13746
1345
14610
16629
8305
10518
10003301
13892
16805
8103
2453
10002106
10002269
4872
11249
9023
14539
4245
10004716
10398
10182
15000
16736
10000504
5983
8963
12103
16973
13968
5978
3977
6156
15001
14529
11826
11309
10004559
2597
8889
10404
14956
17319
4604
8160
10005992
15059
10004019
15061
10001589
7590
10798
9216
10005165
8242
10599
14788
13087
15620
6030
10005631
10005418
5432
7507
10002365
8904
13844
15754
1774
10001643
12935
10001363
11441
8222
16788
1412
11662
16918
5083
1465
3578
10005177
2163
2886
14307
10485
16124
14620
12582
248
6005
6725
11356
15012
5265
7356
16695
10004660
10001996
12
6650
14829
2215
15873
17014
10000046
14528
922
9899
8433
2659
15481
3924
12979
1260
10002238
8887
15844
2403
15243
14961
10003153
8584
11570
13219
13302
10002040
11360
2424
1900
8697
16147
4715
10002544
10001640
15923
8447
10002589
9948
12970
14819
10002392
10005935
10005316
10001980
6248
4272
13758
10002006
1004
10003307
10000090
10004679
10000628
11853
3815
3010
10003540
14486
1578
10002501
16500
10002984
7323
11434
12204
5461
8133
10002564
14668
1708
11681
10004550
15862
5444
10001037
7983
6341
12504
10000207
7088
13831
10003508
7360
4578
1402
10005618
10000173
10005339
607
16920
10001789
16848
10002485
14048
12100
4912
10003936
10002166
12405
9016
8142
10004202
10005432
556
16503
14851
10496
11291
4173
14910
96
8201
10000522
7384
3695
545
10003613
11067
10923
11059
10004350
10004398
7529
17363
16022
2737
13966
3533
2051
10005425
10000639
4248
10002716
14969
10005646
12886
10005081
12137
7173
17349
14866
16523
5023
584
10004425
10000422
2651
14799
5470
10003184
16904
13920
3228
1217
10004238
10004422
8322
10006015
10000099
10012
1975
3647
3044
8778
7572
14686
16082
7326
10003754
17942
12113
10003459
10002919
10005258
3525
5938
6900
14079
767
10001927
10000315
2637
7379
13704
17010
2617
6336
10000766
6078
5158
11352
14
10001105
10002688
10927
14950
14517
7414
3965
14868
13870
8780
16103
11254
6794
4282
10004304
10499
17425
12634
8609
16084
14480
10001804
16870
7366
10002857
14832
2963
16194
16625
14582
4102
16143
1843
13976
7872
6680
10005382
10695
10901
10899
13548
546
16025
10002770
10602
8341
10003024
2513
16014
2795
8011
10005826
15854
14795
5575
15046
16514
12055
10005407
10005654
14944
12782
11657
11654
3540
8559
13279
10159
10002173
7318
5114
1399
2542
3539
10004434
10002681
16864
8230
14841
2729
10000239
15677
14638
10003838
488
5074
14572
7573
1630
12002
16669
14884
7203
14503
1408
10002449
10556
4939
10001773
7044
15845
14898
10001649
15969
2360
9365
17008
7564
14618
8213
14909
5976
4172
930
4575
15922
10002400
6607
4207
3601
15071
6844
7192
2097
11459
6888
10003294
6476
11711
1871
3524
8438
11062
8317
7010
15691
7083
16777
17518
14942
8902
3737
15375
4860
14619
13918
10000855
4780
16722
11674
187
365
1610
16887
8363
8146
2758
679
8057
14500
4945
9514
10004216
4936
2847
10005241
10003149
10004160
10001201
3696
10642
10162
14830
4358
7126
10001723
10005303
8796
15893
15023
2933
11256
15984
14006
7039
8631
6767
13943
15669
10001459
15741
10990
16232
10002906
10001487
3637
10001377
1600
3462
10004214
10699
6994
2031
10635
10005884
3429
8360
15884
12214
11359
14915
5302
14514
10004795
11919
10001291
13650
15298
6768
3720
5106
4574
15026
14779
4334
10003000
10004598
11423
13052
14013
7874
16481
10001329
15439
11433
9469
10005832
2949
6352
10003046
12483
6501
10004825
10003889
10001240
14147
8804
7432
8879
10000167
10002176
3604
11117
17666
10214
10004776
9495
7806
2185
10004612
8802
11266
11649
15475
17890
3098
10005731
104
10003734
14507
10000894
12975
14499
10005128
14813
5342
9531
10475
14959
8229
7664
15681
10001051
8165
10005443
4620
4154
10003452
10001473
10002079
10005075
13996
8499
1196
1637
8850
6771
10002639
8163
10000956
4919
253
15830
